image_width: 640
image_height: 480
camera_name: narrow_stereo
camera_matrix:
  rows: 3
  cols: 3
  data: [1408.776771, 0.000000, 387.444531, 0.000000, 1444.181239, 380.156064, 0.000000, 0.000000, 1.000000]
distortion_model: plumb_bob
distortion_coefficients:
  rows: 1
  cols: 5
  data: [0.187228, -0.319516, 0.009158, 0.011896, 0.000000]
rectification_matrix:
  rows: 3
  cols: 3
  data: [1.000000, 0.000000, 0.000000, 0.000000, 1.000000, 0.000000, 0.000000, 0.000000, 1.000000]
projection_matrix:
  rows: 3
  cols: 4
  data: [1421.910156, 0.000000, 389.439922, 0.000000, 0.000000, 1459.547852, 379.911882, 0.000000, 0.000000, 0.000000, 1.000000, 0.000000]
