image_width: 640
image_height: 480
camera_name: head_camera
camera_matrix:
  rows: 3
  cols: 3
  data: [7404.721487564584, 0, 321.2814504443777, 0, 7162.6671397737, 284.2895531674842, 0, 0, 1]
distortion_model: plumb_bob
distortion_coefficients:
  rows: 1
  cols: 5
  data: [-1.132676010437085, 1453.751022891365, -0.02350261404604133, -0.1113452689315868, 0]
rectification_matrix:
  rows: 3
  cols: 3
  data: [1, 0, 0, 0, 1, 0, 0, 0, 1]
projection_matrix:
  rows: 3
  cols: 4
  data: [7495.6611328125, 0, 315.2450489403673, 0, 0, 7289.56689453125, 282.2706900601843, 0, 0, 0, 1, 0]