image_width: 640
image_height: 480
camera_name: narrow_stereo
camera_matrix:
  rows: 3
  cols: 3
  data: [1734.597676, 0.000000, 456.944729, 0.000000, 1780.868175, 372.504111, 0.000000, 0.000000, 1.000000]
distortion_model: plumb_bob
distortion_coefficients:
  rows: 1
  cols: 5
  data: [0.009468, 0.254338, 0.026308, 0.016830, 0.000000]
rectification_matrix:
  rows: 3
  cols: 3
  data: [1.000000, 0.000000, 0.000000, 0.000000, 1.000000, 0.000000, 0.000000, 0.000000, 1.000000]
projection_matrix:
  rows: 3
  cols: 4
  data: [1725.871704, 0.000000, 458.521699, 0.000000, 0.000000, 1770.074951, 375.212022, 0.000000, 0.000000, 0.000000, 1.000000, 0.000000]
