image_width: 640
image_height: 480
camera_name: head_camera
camera_matrix:
  rows: 3
  cols: 3
  data: [1257.018498274815, 0, 344.8717605487473, 0, 1242.217750547171, 197.4541599889955, 0, 0, 1]
distortion_model: plumb_bob
distortion_coefficients:
  rows: 1
  cols: 5
  data: [-0.187654809377155, 2.32772007791471, -0.01260290337332479, 0.02174414701140258, 0]
rectification_matrix:
  rows: 3
  cols: 3
  data: [1, 0, 0, 0, 1, 0, 0, 0, 1]
projection_matrix:
  rows: 3
  cols: 4
  data: [1259.238525390625, 0, 349.3245719442639, 0, 0, 1252.636474609375, 195.2891454812234, 0, 0, 0, 1, 0]